Eigen::MatrixXd {
    0.09163288,
    0.1214359,
    0.08535065,
    0.12260686,
    -0.098753974,
    -0.11212449,
    -0.035732843,
    -0.09626211,
    -0.14788732,
    0.03485894,
    -0.048446525,
    0.13689263,
    0.1460547,
    -0.11976931,
    0.20804054,
    -0.2271333,
    0.4233359,
    0.058677204,
    -0.16731592,
    -0.37082842,
    -0.19223924,
    0.09432013,
    0.0936918,
    -0.010435561,
    0.23059231,
    -0.4524573,
    0.0025008137,
    -0.012435278,
    0.031778187,
    -0.30429313,
    0.01802597,
    0.024281487,
    0.287353,
    0.17099047,
    -0.07439459,
    0.017667523,
    -0.10535763,
    -0.08181137,
    0.059879284,
    0.0004734896,
    -0.15350804,
    0.12062922,
    0.10765989,
    0.09445933,
    -0.06985045,
    -0.02568338,
    0.10913116,
    -0.08317744,
    0.082579054,
    -0.17570786,
    -0.16816784,
    0.10513987,
    -0.17431362,
    -0.08228223,
    0.46474925,
    0.030260585,
    -0.15933886,
    0.19958271,
    -0.10104269,
    -0.49454075,
    0.32958907,
    0.17750981,
    0.4113831,
    0.1232613,
    -0.27575675,
    -0.4662941,
    -0.3712764,
    -0.020994602,
    -0.12800093,
    0.04856027,
    0.38166606,
    -0.23197861,
    0.40788352,
    0.022658313,
    0.07786204,
    -0.67018425,
    -0.061176125,
    0.046767227,
    -0.032938074,
    0.14224783,
    -0.12855503,
    0.025974348,
    -0.008957884,
    0.17939205,
    -0.03346034,
    -0.0271584,
    0.13029633,
    -0.045492373,
    0.05367948,
    0.021849707,
    -0.005965759,
    -0.049667284,
    -0.15891378,
    0.10884328,
    -0.1700662,
    0.34957272,
    -0.17430224,
    0.16547889,
    -0.14037012,
    -0.17373389,
    -0.036601726,
    0.040103555,
    0.19195737,
    0.042516638,
    -0.16382536,
    0.44191346,
    0.07696633,
    -0.43764266,
    0.04947806,
    -0.23576991,
    -0.09825645,
    -0.4054715,
    -0.37302208,
    0.24368943,
    -0.5215958,
    0.5668888,
    0.5552223,
    -0.104429565,
    0.18002772,
    -0.113761075,
    -0.039650016,
    -0.11214318,
    -0.0023703112,
    -0.0031440046,
    -0.102768116,
    0.019040678,
    -0.072141565,
    -0.06295154,
    0.08691363,
    0.05952634,
    0.18038589,
    0.107878976,
    -0.19601597,
    0.008016468,
    0.06330039,
    0.01480228,
    -0.07189274,
    0.10687674,
    -0.24504678,
    0.015252113,
    -0.33518225,
    -0.03278789,
    -0.1590716,
    0.58422935,
    -0.07350886,
    0.515739,
    0.16114292,
    -0.20041144,
    0.086110815,
    -0.26673803,
    -0.48252073,
    0.040459815,
    -0.02588378,
    0.2995097,
    -0.21764477,
    0.08116388,
    0.26656035,
    -0.29017878,
    0.26659837,
    -0.20305157,
    -0.12429767,
    0.0059654196,
    0.2243628,
    0.13654104,
    -0.028027369,
    -0.28091878,
    0.022815384,
    0.06510894,
    -0.14604154,
    0.102123775,
    -0.13724956,
    0.056102585,
    -0.08111744,
    0.0071120653,
    -0.20668791,
    0.1132005,
    -0.18013525,
    0.35981923,
    -0.2298141,
    0.0077749467,
    -0.21265364,
    -0.1025082,
    0.0910964,
    0.27135184,
    -0.14504372,
    0.087233305,
    -0.07021253,
    0.13583463,
    0.11757422,
    -0.006081803,
    -0.03857495,
    0.08597721,
    0.047411725,
    -0.03664012,
    0.0816631,
    0.08421722,
    0.13474408,
    -0.06303027,
    0.0055456385,
    0.0772921,
    -0.024022099,
    -0.07385796,
    0.24266241,
    0.2002832,
    -0.1275244,
    -0.375825,
    -0.25733465,
    0.1702445,
    -0.072719485,
    -0.00042671076,
    -0.035063796,
    0.2522885,
    0.2963089,
    0.17691506,
    -0.40711546,
    -0.17924666,
    -0.48687738,
    0.7461554,
    -0.043486707,
    -0.04073134,
    0.056606047,
    -0.28346652,
    0.06753943,
    -0.27477723,
    -0.29532,
    0.31945375,
    -0.09977182,
    0.3588999,
    -0.13710663,
    -0.06071628,
    0.089188606,
    -0.123899534,
    -0.4814082,
    -0.120985985,
    -0.07548032,
    0.50706,
    0.1617055,
    0.033460673,
    -0.012951419,
    0.10999502,
    -0.18118232,
    -0.20907186,
    0.17070118,
    0.20845625,
    0.10394178,
    0.16494232,
    -0.051941235,
    0.29782093,
    -0.11981763,
    -0.1772886,
    -0.14260271,
    -0.0029032787,
    -0.15693335,
    -0.061181046,
    0.18368062,
    0.27372018
},
{
    -0.090101585,
    -0.11838143,
    0.027254594,
    0.334325,
    -0.14430532,
    -0.28883854,
    -0.2550128,
    -0.09727652,
    0.5777706,
    -0.29129004,
    0.18572754,
    -0.2331863,
    0.18166631,
    -0.0103724655,
    -0.038152643,
    -0.08915569,
    0.64658386,
    0.1674061,
    0.12680207,
    -0.09792721,
    0.21416533,
    0.26453227,
    0.053868193,
    -0.75951433,
    -0.2029055,
    0.348342,
    -0.13746916,
    0.2868602,
    0.21477994,
    0.09853071,
    -0.24042019,
    0.15954174,
    -0.22677101,
    0.017160976,
    0.011399303,
    0.17518985,
    0.04992486,
    0.077433206,
    -0.045792,
    0.024458969,
    -0.051443838,
    -0.48874712,
    -0.06580488,
    0.10073553,
    0.26834318,
    -0.039823323,
    0.09793092,
    -0.039591666,
    -0.07608389,
    -0.00010426697,
    0.0326866,
    -0.31194073,
    0.08907616,
    -0.28973046,
    -0.0789951,
    0.24833716,
    0.65597206,
    -0.28959942,
    0.34634018,
    -0.4276049,
    -0.06253678,
    0.041399173,
    -0.09482404,
    -0.14266187,
    0.036459304,
    -0.13176866,
    0.011298294,
    -0.041946568,
    -0.025355982,
    -0.17728427,
    0.048711535,
    0.007119633,
    -0.035150558,
    -0.12065277,
    0.03831062,
    -0.19670185,
    0.15221554,
    0.06654548,
    0.026643498,
    -0.18223408,
    -0.20074368,
    0.24763468,
    0.1427248,
    -0.012629205,
    0.12601867,
    -0.018152546,
    -0.011578285,
    0.113744,
    -0.3333826,
    -0.13109452,
    -0.14465189,
    0.21875687,
    0.2894058,
    0.2500842,
    0.17396799,
    0.10197078,
    -0.25614518,
    -0.11203703,
    -0.059131294,
    0.035207305,
    -0.040823784,
    -0.08840141,
    -0.017499367,
    0.035032913,
    -0.10343275,
    0.06942394,
    0.28200978,
    0.06655175,
    -0.16650206,
    0.06617831,
    -0.16453855,
    0.40850934,
    0.062596925,
    -0.06361491,
    -0.2838924,
    0.18313316,
    0.4944689,
    0.2967484,
    -0.27168152,
    -0.0076581524,
    -0.49666068,
    0.34323797,
    0.09508498,
    -0.27707073,
    0.1930935,
    -0.24312331,
    0.22289844,
    0.18062271,
    -0.34044212,
    0.024597464,
    -0.120146126,
    0.33355567,
    -0.23799658,
    0.030691465,
    0.020851705,
    -0.057640593,
    -0.012411107,
    -0.25374025,
    -0.33710703,
    0.49732125,
    0.4041796,
    0.022525912,
    -0.22372337,
    0.0019890137,
    -0.31899545,
    0.029870084,
    0.17537035,
    0.21442392,
    0.2671063,
    0.109519936,
    -0.28308302,
    0.32767612,
    0.2755309,
    -0.37709764,
    -0.6742046,
    -0.42423284,
    -0.17566432,
    0.22207844,
    0.5258628,
    0.49852112,
    -0.73421377,
    -0.07246285,
    -0.03177037,
    0.6141103,
    0.2753043,
    -0.18157063,
    0.010792283,
    0.2778345,
    0.048652887,
    0.19194393,
    -0.1422531,
    0.09415337,
    -0.14221196,
    -0.047758892,
    0.13818662,
    0.113774344,
    -0.002222309,
    0.012142995,
    -0.12801841,
    0.21084507,
    0.09857626,
    -0.007353052,
    -0.0913769,
    -0.186092,
    0.09367707,
    0.21986865,
    0.013781993,
    0.018539356,
    0.10021904,
    0.0575051,
    0.08740149,
    -0.2591946,
    0.051177077,
    0.031620193,
    0.07561399,
    -0.21551515,
    -0.18499906,
    0.26917633,
    -0.23229145,
    0.24011075,
    0.2137433,
    -0.5332349,
    -0.07875639,
    0.21177599,
    0.17055304,
    0.5362649,
    -0.19951399,
    -0.005656009,
    -0.19522618,
    -0.12402368,
    0.06757839,
    -0.121892326,
    0.05454839,
    -0.30103686,
    -0.0005489599,
    0.17150354,
    0.77024764,
    -0.27090162,
    0.058912355,
    -0.14350523,
    -0.023597054,
    -0.022250233,
    -0.23405173,
    -0.2757639,
    0.10074458,
    -0.13297963,
    -0.1356852,
    0.15051182,
    0.13589987,
    -0.083647944,
    0.143349,
    0.108986296,
    -0.10957677,
    0.004637918,
    0.0821246,
    -0.056979027,
    -0.03259952,
    0.16697386,
    -0.11660593,
    0.13034111,
    0.1159108,
    0.08402854,
    -0.1398447,
    -0.0043391325,
    -0.07553751,
    0.07529408,
    0.14620236,
    -0.07316115,
    -0.1649327,
    -0.04817352,
    0.114243254,
    -0.16561167,
    -0.09932099,
    -0.17314133,
    0.098062664,
    0.052351296
},
{
    0.03586894,
    0.00025790485,
    -0.110364154,
    0.07944494,
    -0.014252503,
    0.04474987,
    -0.09602937,
    -0.06515513,
    0.018660665,
    0.105786785,
    0.11224555,
    0.17322432,
    -0.065565504,
    0.032207806,
    0.066156976,
    -0.102996364,
    -0.045623023,
    -0.090779744,
    0.085492045,
    -0.06881946,
    0.3297488,
    -0.13802692,
    -0.06297126,
    0.17202683,
    -0.057560258,
    -0.1393673,
    -0.2783894,
    -0.0036408226,
    -0.16849867,
    0.40088397,
    0.10527267,
    -0.030056542,
    -0.3140541,
    -0.0065591033,
    -0.018896759,
    -0.023097863,
    -0.20794691,
    0.1163993,
    -0.04596498,
    0.12145293,
    0.118011914,
    0.3572183,
    -0.18851322,
    -0.13270958,
    0.21601921,
    -0.07118418,
    -0.060278703,
    -0.014308637,
    0.098096065,
    -0.108073354,
    0.030968409,
    -0.097609274,
    0.024996085,
    -0.24101898,
    0.027350249,
    0.002106643,
    0.11929166,
    0.09693683,
    0.31900787,
    -0.16620038,
    0.16391498,
    -0.24900873,
    0.032387134,
    0.09503581,
    0.06371842,
    0.3932006,
    -0.3992522,
    -0.18966803,
    -0.24347422,
    0.37264863,
    -0.35335422,
    0.005322188,
    -0.04494558,
    0.058481287,
    -0.26220477,
    -0.05913911,
    -0.3559878,
    0.20696568,
    0.27022618,
    0.2154869,
    -0.35742205,
    -0.008915886,
    -0.39902923,
    0.013715313,
    0.026476033,
    0.14218163,
    -0.20252009,
    0.27863765,
    -0.00041795528,
    -0.19249746,
    0.15893307,
    -0.023107875,
    0.028147293,
    0.116531104,
    -0.017896151,
    -0.05649587,
    -0.08003104,
    -0.07378257,
    -0.10359156,
    0.042670943,
    0.34554303,
    -0.35548672,
    0.064546786,
    -0.09280721,
    0.11624148,
    0.21442848,
    0.28783032,
    -0.36001426,
    -0.31429404,
    0.08799483,
    -0.40366727,
    0.049285885,
    0.26043832,
    -0.04560538,
    -0.08510876,
    0.38491026,
    0.2517859,
    0.030066475,
    -0.19147968,
    0.010460179,
    -0.16427223,
    0.101340696,
    0.07430271,
    0.07157307,
    -0.13403825,
    -0.19174471,
    0.0045858216,
    0.012936335,
    -0.016513359,
    0.0027255889,
    -0.009124319,
    0.11511059,
    0.068505324,
    -0.103431076,
    0.116192915,
    0.015174217,
    0.027511923,
    -0.029467288,
    0.08782141,
    0.17025547,
    -0.106536575,
    -0.11597806,
    -0.13829486,
    -0.012640769,
    0.104214326,
    -0.07220742,
    0.04269384,
    0.0828627,
    0.016975056,
    0.2577604,
    -0.11046063,
    -0.1426811,
    0.08814548,
    0.23049873,
    -0.04031062,
    -0.07507095,
    -0.31577343,
    -0.022311317,
    -0.14433537,
    -0.07252429,
    -0.15836476,
    -0.15757196,
    -0.066364326,
    0.3540959,
    0.0068687163,
    0.037796322,
    -0.28033024,
    0.018679393,
    0.020666458,
    0.06874176,
    0.2016604,
    0.09627378,
    -0.118002616,
    0.1203466,
    -0.017264321,
    0.050676003,
    0.10920057,
    -0.0425657,
    -0.028189225,
    0.22206032,
    0.13020054,
    -0.052751575,
    0.12463525,
    0.086308524,
    0.04955891,
    0.19407317,
    -0.3270353,
    -0.20531209,
    -0.23826694,
    -0.27690917,
    0.06095132,
    0.19507752,
    0.079651214,
    -0.1478825,
    -0.2017786,
    -0.078611724,
    -0.021125326,
    0.62237275,
    -0.12796885,
    -0.09095204,
    -0.10552834,
    0.29063162,
    -0.056140397,
    0.057904594,
    -0.08286869,
    0.019389695,
    0.33965313,
    -0.04152262,
    -0.17489986,
    0.13207005,
    -0.0145694,
    -0.117743336,
    0.06858433,
    -0.042672,
    0.14176086,
    0.06368128,
    -0.1924913,
    -0.113412425,
    -0.01210175,
    0.107206024,
    0.3018728,
    -0.124819644,
    -0.03679987,
    0.29304084,
    -0.2622757,
    -0.053627096,
    -0.08497927,
    0.12152071,
    -0.007846342,
    -0.29597494,
    0.081624925,
    0.38433084,
    0.08779432,
    0.06559973,
    0.14728093,
    0.12533937,
    -0.05561045,
    0.25164232,
    -0.0015343481,
    -0.1802928,
    -0.16464253,
    -0.117555164,
    -0.11583522,
    -0.10709151,
    0.1661853,
    0.088794895,
    0.1146164,
    -0.19360025,
    -0.1514248,
    0.055989243,
    0.13593945,
    -0.03091767,
    -0.012382415,
    0.08237934,
    0.06515523,
    -0.059717856
},
{
    -0.14912677,
    0.12891757,
    0.24418595,
    -0.16759712,
    0.08927612,
    0.03573741,
    -0.08931894,
    -0.0028734317,
    -0.1340703,
    -0.2309364,
    0.039058708,
    -0.16724817,
    0.17862305,
    -0.09433726,
    -0.018776756,
    0.13703796,
    -0.3222626,
    0.21761101,
    0.33198625,
    -0.4756216,
    0.4475462,
    -0.30787164,
    -0.15269382,
    0.18217947,
    -0.08886113,
    0.16506533,
    0.041541643,
    0.18264486,
    0.0028657126,
    -0.30466267,
    0.15093721,
    -0.067663,
    -0.16677311,
    -0.13767512,
    0.087007955,
    -0.040442098,
    -0.03698462,
    -0.1809245,
    0.04105096,
    0.12430304,
    -0.04239628,
    -0.06371389,
    -0.13563295,
    0.09007594,
    0.14395377,
    0.19690566,
    -0.030341407,
    0.045684002,
    0.06577257,
    -0.04724097,
    0.08911956,
    0.04035165,
    -0.052274037,
    -0.15577835,
    0.19228858,
    0.13543138,
    -0.011749577,
    0.06312236,
    -0.027514022,
    0.019690584,
    -0.07631327,
    0.04084413,
    -0.033644527,
    -0.07004954,
    -0.04987197,
    -0.14742254,
    0.050484277,
    -0.015130468,
    0.108181156,
    0.09920626,
    -0.13659436,
    -0.040514313,
    -0.09093411,
    0.2356915,
    -0.25967866,
    -0.044388693,
    0.028831076,
    0.051760755,
    0.0038893034,
    0.15690291,
    0.10129069,
    -0.20741795,
    -0.09403233,
    0.25492314,
    -0.15159388,
    -0.37808698,
    0.14954345,
    0.10286098,
    -0.21811266,
    -0.00087687717,
    -0.11623913,
    0.09086019,
    0.53183144,
    0.18482342,
    0.1546531,
    -0.07699968,
    0.075713225,
    0.23994295,
    -0.45164183,
    0.0020482822,
    -0.39811355,
    -0.13066137,
    -0.024989558,
    0.06897786,
    -0.041593496,
    0.065664805,
    -0.063461736,
    0.046806302,
    -0.0125538185,
    -0.115769595,
    -0.23319498,
    -0.27680197,
    -0.013630803,
    -0.29240853,
    -0.40207732,
    -0.36694288,
    0.33643907,
    -0.05036816,
    -0.041783087,
    -0.25996798,
    0.29979238,
    0.43801802,
    0.059686862,
    -0.0079051005,
    -0.3814732,
    -0.21906282,
    0.25176504,
    0.17369649,
    -0.17449452,
    -0.15468837,
    0.18083166,
    0.35774893,
    -0.0437999,
    0.37145716,
    -0.4525376,
    0.18728252,
    -0.013136982,
    -0.14299287,
    -0.5754454,
    -0.12922727,
    0.17329921,
    0.38266072,
    0.15334886,
    -0.15947269,
    0.037097383,
    -0.017344035,
    -0.03451868,
    -0.1748344,
    0.10900342,
    0.07499719,
    0.1522145,
    -0.04126246,
    0.067775935,
    -0.15502374,
    0.16354631,
    0.2278542,
    0.046848815,
    -0.029828466,
    0.10399839,
    -0.18968293,
    0.13570717,
    -0.0902257,
    0.26327604,
    -0.28464082,
    0.6480951,
    -0.13615,
    0.06460058,
    0.030096458,
    0.27705842,
    -0.22201182,
    0.1610418,
    -0.23982786,
    -0.22440769,
    -0.01426277,
    0.45522407,
    -0.014287739,
    -0.19704768,
    -0.2739496,
    0.17722735,
    0.07222182,
    -0.11947584,
    -0.071904555,
    0.109040715,
    -0.17517202,
    -0.08903846,
    0.17170043,
    -0.059558906,
    0.11402436,
    0.16522062,
    -0.3516052,
    -0.034481168,
    -0.117401235,
    -0.13413998,
    -0.16011584,
    0.26411507,
    0.10897932,
    -0.08942594,
    -0.17326206,
    -0.054331977,
    0.045789894,
    0.08167993,
    0.085113056,
    0.08021274,
    -0.24175073,
    0.37225348,
    -0.100944564,
    -0.15668233,
    0.05091349,
    0.19977765,
    -0.2448919,
    0.13482235,
    0.0021940013,
    -0.031168083,
    0.12135771,
    -0.12688792,
    -0.18958107,
    0.16667391,
    0.030471629,
    0.1550452,
    -0.052737027,
    0.026271472,
    -0.22745742,
    -0.13437311,
    0.30570212,
    -0.09297785,
    -0.18475755,
    0.3995632,
    -0.22119898,
    0.17216288,
    -0.029635321,
    0.10997044,
    -0.09030433,
    -0.003445088,
    0.14845051,
    0.05159148,
    0.17100531,
    0.020391153,
    -0.27374196,
    -0.22581849,
    -0.14499277,
    -0.050254352,
    0.25733504,
    0.17892238,
    -0.41638413,
    0.02373533,
    -0.17261526,
    -0.51024115,
    0.12343695,
    -0.30591854,
    0.03734532,
    0.19263741,
    0.47267166,
    -0.108742364,
    0.006102426,
    -0.046458133,
    -0.48704058
},
{
    0.04032278,
    0.084679656,
    0.51375145,
    -0.06556256,
    0.15030834,
    -0.040173974,
    -0.21601969,
    0.24490106,
    -0.13502102,
    0.10465565,
    0.719252,
    -0.12715119,
    -0.26400426,
    0.12273197,
    0.003511933,
    -0.62216115,
    0.06386337,
    0.02939668,
    0.33604482,
    -0.0294852,
    0.10902433,
    0.113179624,
    -0.20234442,
    0.24299386,
    0.109087944,
    -0.323201,
    -0.14192493,
    -0.06445199,
    0.1999353,
    0.03344006,
    -0.011840429,
    0.023170194,
    0.032493837,
    0.09918065,
    0.008781714,
    -0.4246516,
    0.12794848,
    0.34636876,
    -0.28624254,
    0.2684635,
    0.20964421,
    -0.19132166,
    0.33055386,
    -0.30350015,
    -0.0025937879,
    -0.12513977,
    0.23763184,
    0.24581365,
    0.20030765,
    -0.11234287,
    -0.25250015,
    -0.11338274,
    -0.3286195,
    -0.21313956,
    -0.075293474,
    0.38539052,
    -0.23673047,
    0.4138971,
    -0.11850415,
    0.040505793,
    0.058680896,
    0.4284022,
    -0.33250946,
    -0.018637601,
    -0.29963624,
    -0.08990954,
    -0.10388949,
    0.003191851,
    -0.12570688,
    -0.038307786,
    -0.40914747,
    0.023242608,
    -0.1789084,
    0.3214879,
    -0.25526425,
    0.11098346,
    0.1002271,
    0.12840623,
    0.0030893232,
    0.12838078,
    -0.103031784,
    0.22976282,
    -0.31235516,
    0.14639695,
    0.051804543,
    0.18107547,
    -0.076247096,
    0.016001012,
    -0.2433194,
    0.30368733,
    -0.42612645,
    0.27249193,
    0.038118903,
    0.015780758,
    0.31527478,
    -0.021301929,
    0.04902941,
    -0.01310969,
    0.069025464,
    0.0060031204,
    -0.1825354,
    0.089751795,
    0.028871646,
    -0.0373574,
    0.12274016,
    0.062204853,
    0.109329514,
    -0.09101811,
    0.16965115,
    -0.32301685,
    -0.14145389,
    0.25746065,
    0.12483194,
    -0.053706657,
    0.0067763277,
    0.029081006,
    -0.008327023,
    0.18339494,
    0.012635316,
    -0.059541717,
    0.0070755924,
    0.16139996,
    0.051673137,
    -0.03312039,
    -0.14678755,
    -0.0417942,
    0.02433621,
    -0.040317982,
    -0.07198493,
    -0.06211192,
    -0.09906856,
    -0.077606246,
    0.12499915,
    0.05696331,
    0.08771709,
    0.1293044,
    -0.002995093,
    -0.10194439,
    0.0026786516,
    -0.070133686,
    0.09556461,
    0.15670072,
    0.103964366,
    0.14370759,
    -0.19855121,
    0.20064552,
    -0.2486838,
    0.017768236,
    0.107132375,
    0.4929284,
    -0.26857102,
    -0.12122424,
    -0.12699841,
    0.052571893,
    -0.26939893,
    -0.10755529,
    0.19760534,
    0.20846695,
    0.18844573,
    -0.1150398,
    -0.3052914,
    -0.116828136,
    -0.34781256,
    0.5207266,
    -0.47126383,
    -0.2328495,
    0.15462813,
    0.2560245,
    0.1808965,
    -0.3491569,
    -0.0832585,
    -0.08207681,
    0.20258057,
    0.171142,
    -0.17644832,
    -0.17375156,
    0.27033633,
    -0.08097436,
    0.07127182,
    -0.45104757,
    0.068337575,
    -0.061998945,
    0.26766682,
    -0.034746155,
    0.045132864,
    0.028333113,
    -0.053918153,
    0.27216417,
    0.12015949,
    -0.05236149,
    0.05582002,
    0.0011276945,
    -0.09788047,
    0.0894252,
    0.24042055,
    -0.166656,
    -0.16350886,
    0.17995152,
    -0.008891127,
    -0.02830039,
    -0.12864369,
    0.038298983,
    -0.007997912,
    0.4160533,
    -0.20639473,
    -0.1286027,
    0.13437971,
    -0.002044894,
    -0.27876726,
    -0.28955877,
    -0.12267676,
    -0.14330615,
    0.12025397,
    -0.020110158,
    0.029675573,
    -0.032737672,
    0.085386544,
    -0.0058216946,
    0.27699474,
    -0.09291596,
    0.040738475,
    -0.06486777,
    0.067352735,
    -0.40732092,
    0.17678787,
    -0.05011263,
    -0.44351816,
    0.13301398,
    -0.003133329,
    -0.56902224,
    0.35323182,
    -0.15320757,
    0.07206131,
    0.34108296,
    -0.015670016,
    0.019037077,
    -0.11005115,
    -0.14040494,
    0.08216294,
    0.31533906,
    0.31822947,
    -0.0022590586,
    0.03296921,
    -0.073620245,
    -0.23191257,
    0.082881056,
    0.33050337,
    -0.1170502,
    -0.13865496,
    0.11741789,
    -0.11859155,
    0.24399985,
    0.01046438,
    -0.16304252,
    -0.09938912,
    -0.10205717
},
{
    -0.035569627,
    -0.19905141,
    0.18492334,
    0.0006553979,
    -0.011041722,
    -0.04646678,
    0.18075514,
    -0.20811248,
    -0.010684727,
    0.11008577,
    -0.32202944,
    -0.055057555,
    0.29091495,
    0.20048213,
    -0.2963689,
    -0.07224384,
    0.19180258,
    -0.48387814,
    0.2876496,
    0.1405518,
    0.2795824,
    -0.036532965,
    0.080839425,
    -0.17095451,
    -0.124412276,
    -0.2703731,
    0.3889429,
    -0.35034752,
    -0.09931854,
    0.40855515,
    0.16394672,
    0.23487175,
    -0.08232963,
    -0.23346917,
    0.24082491,
    0.051764663,
    0.26732633,
    -0.099583335,
    -0.14812098,
    -0.15910204,
    0.04594075,
    0.11871194,
    -0.24328405,
    -0.1403534,
    0.20764798,
    -0.1845549,
    0.1585957,
    0.12459331,
    -0.026588824,
    0.050125815,
    0.020598596,
    0.057901062,
    -0.0643743,
    -0.015592401,
    0.14860666,
    -0.104682826,
    -0.12643377,
    -0.16123638,
    0.028019972,
    -0.17007689,
    0.15781885,
    0.12043141,
    -0.16491832,
    0.36278823,
    -0.2666024,
    -0.14166859,
    0.095348366,
    0.06331297,
    -0.42564124,
    -0.093228206,
    0.06773596,
    0.1038305,
    0.35421863,
    0.0103364205,
    -0.080885515,
    -0.050608043,
    -0.2010881,
    0.021329276,
    0.18400887,
    -0.16932893,
    0.022277351,
    -0.109801635,
    -0.07443203,
    -0.57504797,
    0.35376465,
    0.12063732,
    0.20547654,
    -0.032150462,
    0.13241805,
    -0.2364824,
    -0.09282831,
    -0.12945804,
    0.10844548,
    -0.47364748,
    -0.04701531,
    -0.24530809,
    -0.11569868,
    -0.1835617,
    1.186131,
    -0.21026891,
    -0.137194,
    -0.084514864,
    0.4066081,
    0.16870488,
    0.11400485,
    0.12349722,
    -0.35529417,
    0.19179904,
    -0.18502253,
    0.06558171,
    0.20025657,
    -0.08179304,
    -0.19173673,
    -0.08448341,
    -0.08531129,
    -0.005563742,
    -0.2091682,
    0.08557648,
    0.003214851,
    0.0368523,
    0.037803005,
    -0.12156191,
    0.10448916,
    0.023453612,
    -0.11003841,
    0.058686614,
    -0.055489097,
    -0.003145246,
    -0.09814894,
    0.05643804,
    -0.083163574,
    -0.071261436,
    -0.3301129,
    0.21189186,
    -0.034644365,
    0.19138382,
    0.12992685,
    0.1062365,
    -0.23683488,
    0.10848058,
    -0.3113672,
    0.16969258,
    -0.07752825,
    0.510507,
    0.117747486,
    0.18304597,
    -0.1715136,
    0.21025455,
    -0.29864708,
    0.38012037,
    -0.012968609,
    0.07246911,
    -0.26793164,
    0.20185003,
    -0.047206707,
    0.12408567,
    -0.06640108,
    0.06774567,
    -0.0656038,
    0.05614608,
    -0.033377707,
    -0.046186104,
    -0.11172571,
    -0.0058390265,
    0.011888879,
    -0.020986518,
    0.25051105,
    -0.10963256,
    -0.008053852,
    -0.23716502,
    -0.0041796905,
    0.21066943,
    -0.1030085,
    -0.08516135,
    -0.054498177,
    0.1742405,
    0.26345995,
    -0.15705398,
    -0.013422469,
    -0.13424604,
    0.017209968,
    0.109916694,
    0.12187642,
    -0.15396069,
    0.119199514,
    0.04004375,
    0.21384089,
    -0.17836916,
    0.08698582,
    -0.24995124,
    -0.057436965,
    0.04811376,
    -0.028344717,
    0.03596768,
    -0.054026823,
    0.039885476,
    0.19367027,
    -0.08633041,
    0.09535385,
    -0.08077927,
    0.12632558,
    -0.10908279,
    -0.29351375,
    -0.070664115,
    -0.11034258,
    0.32503363,
    0.1094895,
    -0.04204054,
    0.18463936,
    -0.08788451,
    -0.051259737,
    0.09163496,
    -0.073133886,
    -0.107626446,
    0.21273392,
    0.2173582,
    0.08536955,
    -0.24166392,
    0.015557408,
    0.14594786,
    0.25281522,
    -0.09093688,
    0.15102309,
    -0.04449622,
    0.13443466,
    -0.12773897,
    -0.19595775,
    0.32715,
    -0.37097365,
    -0.3606628,
    0.16390216,
    -0.19797906,
    -0.21479395,
    0.20640936,
    -0.12935905,
    -0.04810766,
    0.11872942,
    -0.008912773,
    0.067277044,
    -0.23403886,
    0.004117777,
    -0.34854007,
    -0.3076773,
    -0.12646033,
    -0.017402198,
    -0.041844975,
    0.4026597,
    -0.17707951,
    0.26457468,
    0.17753339,
    0.03775775,
    -0.04281865,
    -0.23177896,
    0.05919089,
    -0.15604664,
    0.0122110555
},
{
    0.08957358,
    -0.17655152,
    0.05512037,
    -0.16276082,
    0.086644635,
    0.40730405,
    -0.29626778,
    -0.24978837,
    0.14562276,
    0.12931009,
    -0.41971478,
    0.054579258,
    -0.15373594,
    0.22512257,
    0.083172716,
    -0.16240436,
    -0.09045403,
    0.04738832,
    0.12446753,
    -0.021907682,
    -0.090756714,
    -0.14678909,
    -0.09902244,
    0.18366614,
    0.07499725,
    -0.24858563,
    0.271024,
    -0.03221258,
    0.13325551,
    -0.06047226,
    0.07604661,
    -0.17361875,
    0.18074837,
    -0.30523872,
    0.10779628,
    0.0077940924,
    0.08706517,
    -0.2803067,
    -0.14289571,
    -0.5128603,
    0.2254359,
    0.12629014,
    0.27167997,
    -0.042783283,
    -0.7475415,
    0.04841782,
    0.17133012,
    -0.25859064,
    0.7726876,
    -0.3987361,
    -0.3823485,
    0.5796756,
    -0.25540218,
    0.71073633,
    -0.2512716,
    -0.08135176,
    0.12713563,
    -0.06093305,
    0.23330548,
    0.028567597,
    -0.09437198,
    -0.11492605,
    0.033605147,
    0.19110143,
    -0.069291785,
    -0.049172096,
    -0.068511054,
    -0.05182646,
    -0.17628558,
    -0.18564372,
    -0.08843104,
    0.15907913,
    0.036970876,
    0.08253259,
    0.044572506,
    -0.026303235,
    -0.07067367,
    0.1081557,
    0.008186123,
    -0.1719531,
    0.1608037,
    -0.079488665,
    0.052306302,
    0.22820841,
    -0.30551738,
    0.10781541,
    0.054907996,
    0.41060534,
    0.012804289,
    -0.18495227,
    0.100832455,
    0.02978094,
    -0.22310878,
    -0.10674408,
    -0.28648153,
    0.0027282776,
    -0.01875964,
    0.027877646,
    -0.028210364,
    0.17701429,
    -0.0011380679,
    -0.16933261,
    0.0456418,
    -0.12622622,
    -0.09707339,
    -0.10689827,
    0.0637047,
    -0.04921098,
    -0.13353546,
    -0.12757884,
    0.023957968,
    0.021759909,
    0.077890985,
    -0.16637714,
    0.22396283,
    0.18783739,
    -0.12122247,
    0.05983684,
    -0.12599875,
    -0.23338537,
    -0.07322401,
    0.0009943013,
    -0.015200549,
    -0.19849764,
    -0.18918473,
    0.13618985,
    0.21157396,
    -0.022061666,
    -0.016799482,
    0.13569027,
    0.10037214,
    0.454717,
    -0.16371849,
    -0.22885934,
    0.017500076,
    -0.2133962,
    -0.097509176,
    0.20197666,
    0.2610036,
    0.21527773,
    0.14448322,
    0.0053670662,
    0.122270115,
    -0.12429485,
    0.01598584,
    -0.12777212,
    0.08507598,
    -0.22391841,
    0.08509753,
    -0.044779968,
    -0.041204065,
    -0.008552929,
    -0.10770281,
    -0.11422645,
    -0.15896611,
    0.22284913,
    -0.11556101,
    -0.17280783,
    -0.018718008,
    -0.015931714,
    0.012573315,
    0.024434607,
    0.14841262,
    0.16672148,
    -0.21141651,
    0.014692324,
    -0.19379322,
    -0.15269992,
    0.17062612,
    0.074718215,
    -0.11901753,
    -0.09921934,
    0.03650322,
    0.31105873,
    -0.095945805,
    -0.10206721,
    0.4493601,
    -0.19371296,
    0.23877239,
    -0.12908328,
    0.02686107,
    0.2566139,
    -0.19875036,
    -0.12859178,
    -0.03151266,
    -0.10628929,
    -0.038086258,
    0.032054152,
    -0.062358115,
    -0.08060873,
    0.13318294,
    0.08274532,
    0.08219254,
    0.031108646,
    0.010711499,
    0.03021035,
    -0.46190435,
    0.18366063,
    0.021655142,
    -0.08007004,
    0.016972532,
    -0.044258647,
    0.07582885,
    0.13842635,
    0.23412728,
    -0.019941948,
    0.06732669,
    -0.069743045,
    0.05040986,
    0.038051594,
    -0.12216798,
    -0.08718631,
    -0.06372347,
    0.16974226,
    -0.110441685,
    0.05904378,
    0.45898515,
    -0.14396487,
    0.15211798,
    0.14469446,
    -0.07633929,
    -0.30106652,
    -0.052854538,
    0.2305364,
    -0.22420049,
    -0.10852871,
    -0.047280353,
    0.13798429,
    -0.25233692,
    0.15389812,
    -0.081591815,
    0.17850468,
    0.23593822,
    -0.18019252,
    0.056355566,
    0.18224105,
    -0.060719874,
    0.03534382,
    -0.08384085,
    -0.009766123,
    -0.105821796,
    -0.10066009,
    0.07382789,
    0.16249482,
    0.16254376,
    0.072658576,
    -0.26745924,
    0.06700117,
    0.19563879,
    0.17396303,
    -0.3320904,
    -0.21238673,
    0.021490084,
    -0.04044991,
    0.08285177,
    -0.049669374
},
{
    -0.042288687,
    -0.053611156,
    0.23467934,
    0.2754203,
    0.03742265,
    0.23793714,
    0.01468587,
    -0.10186165,
    0.08472036,
    -0.05115466,
    0.02549149,
    -0.3999477,
    0.3439121,
    -0.074297085,
    0.098246835,
    0.15396582,
    -0.22974321,
    0.18536338,
    0.055325292,
    -0.027597852,
    -0.09406724,
    -0.110523134,
    -0.08326129,
    0.16559477,
    0.19281948,
    -0.16205125,
    -0.28460935,
    -0.0034706194,
    -0.10936825,
    0.26544237,
    -0.033143554,
    -0.093318455,
    -0.13883922,
    0.07087806,
    0.2598634,
    0.17230932,
    -0.25502512,
    -0.056696605,
    0.07314723,
    -0.059905183,
    -0.09204932,
    -0.22543271,
    -0.15445185,
    -0.0011677691,
    0.266908,
    0.12606631,
    0.3222369,
    -0.12937555,
    0.041058876,
    -0.15287845,
    0.4675814,
    -0.2505764,
    -0.080775544,
    -0.14848989,
    0.073880196,
    -0.3257357,
    -0.06754891,
    0.0077064456,
    -0.015723469,
    0.23643121,
    0.46310303,
    -0.27885568,
    -0.14926314,
    -0.07676407,
    0.23566347,
    -0.05155416,
    0.5022465,
    -0.52068394,
    0.009283848,
    -0.010786342,
    0.38394243,
    -0.15789054,
    0.026770266,
    -0.25080582,
    0.133718,
    0.014120131,
    -0.22811227,
    0.38083458,
    0.08238975,
    -0.050352983,
    -0.2795805,
    0.14998028,
    -0.12901056,
    0.10194722,
    -0.08920386,
    -0.08002104,
    0.006870553,
    -0.14488967,
    -0.118279815,
    0.08642747,
    -0.12336125,
    0.39045742,
    0.0030750756,
    -0.0497377,
    -0.21880493,
    0.15311329,
    0.13388671,
    0.11546979,
    -0.0321183,
    -0.105031505,
    0.20968613,
    -0.028827848,
    -0.22620264,
    0.096772954,
    -0.22046357,
    0.12297569,
    -0.13909942,
    0.04297577,
    -0.09895568,
    0.065278195,
    0.029299682,
    0.085863665,
    -0.1973245,
    0.0979302,
    -0.027093822,
    -0.14886661,
    -0.025338076,
    0.23911428,
    -0.013518178,
    -0.09969,
    -0.091161154,
    0.016076807,
    0.27724785,
    -0.105125956,
    -0.09591134,
    0.042364586,
    -0.05058242,
    -0.21266046,
    0.11773531,
    0.053069536,
    -0.1479264,
    -0.02677018,
    0.09337057,
    -0.1014938,
    -0.02423532,
    0.05025007,
    -0.009657176,
    0.10595931,
    0.08039106,
    -0.1495366,
    0.072100684,
    0.08221826,
    -0.093067504,
    0.09325152,
    -0.27938002,
    -0.00977602,
    0.1625802,
    0.045434494,
    -0.0019841355,
    -0.068880096,
    -0.18597718,
    0.004596976,
    -0.20701946,
    0.05681126,
    0.16298771,
    -0.15762606,
    -0.10010696,
    0.0683619,
    -0.08382602,
    0.062018394,
    -0.26081896,
    -0.18282723,
    -0.15464346,
    0.22141214,
    0.29769337,
    0.1420567,
    0.026995737,
    -0.18853436,
    -0.10416853,
    0.11187918,
    0.1925901,
    0.1210327,
    0.0038817846,
    -0.04180718,
    -0.12812112,
    0.006340083,
    -0.124271214,
    -0.05376539,
    -0.059502747,
    0.033871517,
    0.27369076,
    -0.0067604952,
    -0.098148204,
    -0.030640302,
    0.101294264,
    0.069086455,
    -0.021286149,
    -0.20684119,
    0.16031168,
    0.50488156,
    0.12490678,
    -0.115210496,
    -0.22555383,
    -0.014399556,
    0.09113757,
    -0.15524653,
    -0.20916878,
    -0.09535614,
    -0.31576133,
    0.15782271,
    -0.13757432,
    0.11036567,
    0.0007674916,
    0.17525682,
    0.2874179,
    0.16137345,
    -0.18702073,
    -0.08509461,
    -0.25501564,
    0.100490086,
    -0.08878796,
    0.016563755,
    -0.0651235,
    0.13714613,
    -0.25240448,
    0.24202693,
    0.20754203,
    -0.043716226,
    0.2585706,
    0.17742082,
    0.13465922,
    -0.31941146,
    -0.024934324,
    -0.24737225,
    -0.22842465,
    0.2935566,
    -0.1583635,
    -0.00452263,
    0.07202397,
    0.32167965,
    0.071317285,
    -0.0022971479,
    -0.107019015,
    0.1687047,
    -0.00093817,
    0.27045426,
    -0.106941015,
    -0.26948714,
    -0.09339972,
    -0.35390487,
    -0.30095798,
    0.35221496,
    -0.066326365,
    -0.31754214,
    -0.2277369,
    -0.055217464,
    0.47632256,
    0.3150201,
    0.007316345,
    -0.38588583,
    -0.10069706,
    0.14946479,
    0.031101774,
    0.08539604,
    0.08982737,
    -0.025328206
},
{
    -0.09798784,
    0.26106876,
    0.19709414,
    -0.0076673552,
    0.49410436,
    -0.18313318,
    0.111326486,
    -0.09027718,
    0.16763785,
    -0.23326159,
    -0.21877299,
    -0.1979121,
    0.12164478,
    0.06788054,
    0.14465822,
    -0.22007321,
    -0.046480294,
    -0.02069846,
    0.0012789309,
    0.14212997,
    -0.2508954,
    0.015442886,
    0.3451905,
    -0.3463636,
    0.020897381,
    0.3084852,
    0.058642704,
    0.046585083,
    0.2213906,
    -0.12406574,
    -0.07770484,
    -0.07477109,
    -0.107375324,
    -0.07447075,
    -0.037752744,
    0.063982956,
    0.1134025,
    -0.13752227,
    0.16645882,
    0.032555483,
    0.10763306,
    -0.040838595,
    -0.002472959,
    0.30685335,
    -0.16834675,
    -0.284033,
    0.3573448,
    0.15544482,
    0.18260959,
    0.14618194,
    -0.18031286,
    -0.24402332,
    -0.06737913,
    0.14641498,
    -0.031270046,
    -0.37890536,
    0.36471894,
    0.088215664,
    -0.07255268,
    -0.07019823,
    0.0077622,
    -0.42886534,
    -0.09201287,
    0.39170206,
    -0.31157818,
    -0.114962265,
    0.23937634,
    0.081603825,
    0.092242725,
    -0.08025834,
    -0.06785195,
    -0.32147956,
    0.21147914,
    -0.13341482,
    -0.23506886,
    -0.17922729,
    0.060875732,
    -0.042891983,
    0.21714239,
    -0.20626701,
    0.20105849,
    0.08075398,
    0.22411735,
    -0.57865036,
    -0.048096117,
    -0.2367102,
    0.3372442,
    0.14264111,
    0.29695636,
    -0.26952124,
    0.05077839,
    -0.014964458,
    -0.13562652,
    0.015674459,
    0.014060371,
    0.54027027,
    -0.42533466,
    -0.25925618,
    0.05792999,
    0.26365778,
    0.080372885,
    -0.24281695,
    0.12061206,
    0.08989693,
    0.48931244,
    0.179151,
    -0.060461983,
    -0.6824106,
    -0.26326984,
    -0.13821012,
    0.28010097,
    0.13603504,
    0.27860492,
    -0.14275643,
    -0.36448443,
    0.010670092,
    -0.046446167,
    -0.11217295,
    0.2306087,
    -0.07024101,
    0.2512216,
    0.11865705,
    0.2894821,
    -0.31378943,
    0.112463064,
    -0.5164401,
    0.35746053,
    -0.19319528,
    -0.17659938,
    -0.04791129,
    0.15526244,
    0.36664367,
    -0.09845504,
    -0.046759546,
    0.19596015,
    -0.13349436,
    -0.054514255,
    -0.008563932,
    -0.20475972,
    -0.2049769,
    -0.17332944,
    0.033305768,
    -0.05876637,
    -0.004854857,
    -0.18974218,
    0.11875621,
    -0.090862475,
    0.09426684,
    0.1414572,
    0.2208353,
    0.027623698,
    -0.05619704,
    0.15862946,
    -0.14439881,
    0.16444503,
    -0.1529794,
    -0.1670533,
    0.041901357,
    -0.09198348,
    0.095700115,
    -0.026340976,
    -0.04415898,
    -0.17436644,
    0.28419384,
    -0.48536405,
    -0.29418337,
    0.26253727,
    -0.08815394,
    -0.21333571,
    0.4429143,
    -0.10060562,
    0.39440218,
    -0.5511216,
    0.05957613,
    -0.15330704,
    0.13345096,
    0.4730198,
    0.045674946,
    -0.18965916,
    0.54642075,
    -0.34921783,
    0.50290513,
    -0.26586172,
    -0.07932216,
    -0.38509366,
    0.30633014,
    0.16693017,
    0.098874114,
    -0.009195774,
    0.05586296,
    0.22543629,
    0.035260063,
    -0.05456982,
    -0.004949363,
    -0.13237394,
    -0.10199724,
    0.03111452,
    -0.030299636,
    -0.08451311,
    -0.037935697,
    -0.10391716,
    -0.09681081,
    -0.101364575,
    0.32372472,
    -0.26862502,
    0.04975845,
    0.10625903,
    0.0051914747,
    -0.16198328,
    0.10068261,
    -0.054051984,
    -0.2103527,
    0.119510636,
    0.26177338,
    -0.13579214,
    0.007991874,
    0.36452156,
    -0.2905524,
    0.15121922,
    0.0309058,
    0.09095589,
    -0.46284014,
    -0.21773759,
    -0.005102958,
    0.14561948,
    0.2144166,
    0.20603126,
    -0.14123064,
    0.15815362,
    -0.0087159,
    -0.0981059,
    0.079471596,
    -0.13966249,
    0.06173152,
    0.06710178,
    -0.016883606,
    0.09883079,
    -0.05588085,
    0.015354503,
    0.13565013,
    -0.12509558,
    -0.032414626,
    0.06814441,
    0.051541332,
    -0.08957271,
    -0.19344029,
    0.040137395,
    0.12612551,
    -0.020913316,
    0.038300253,
    -0.26838735,
    -0.16769986,
    0.13319443,
    0.19525298,
    -0.027079154,
    -0.013697702
},
{
    0.14909053,
    -0.1102479,
    -0.2676021,
    0.17055015,
    -0.3103391,
    -0.13031158,
    0.049299806,
    -0.15910915,
    -0.015621942,
    0.051220935,
    0.13978383,
    -0.10535259,
    -0.14779931,
    -0.16875023,
    -0.076696835,
    0.25050598,
    -0.003003362,
    -0.17799164,
    0.0122291045,
    -0.057500437,
    -0.1104054,
    -0.025702933,
    0.072058104,
    0.1288168,
    -0.10760213,
    -0.03777306,
    -0.14218011,
    -0.014339782,
    -0.112333395,
    0.37255967,
    -0.20897512,
    0.13931066,
    -0.108833045,
    0.20645785,
    -0.13647018,
    -0.020105856,
    0.05379599,
    0.11486412,
    -0.059335154,
    -0.2866278,
    -0.19730668,
    0.25923246,
    -0.044975616,
    0.12898068,
    -0.033020075,
    0.10402761,
    -0.10494499,
    -0.3614308,
    -0.40787232,
    0.5328721,
    -0.44163015,
    0.47309405,
    0.23118089,
    -0.33638918,
    0.4044477,
    -0.15813294,
    -0.097232506,
    -0.05658592,
    -0.08435303,
    -0.07144184,
    0.15618645,
    0.1815311,
    -0.1671576,
    -0.09456442,
    -0.12079602,
    0.018837355,
    0.16263948,
    -0.06784001,
    0.058575746,
    -0.043042537,
    0.14250025,
    -0.1621142,
    -0.18563971,
    0.05975099,
    0.2678235,
    -0.02779542,
    -0.13153495,
    0.17513104,
    -0.1507091,
    0.1305322,
    -0.170588,
    0.0779305,
    -0.28522345,
    0.12220116,
    -0.0926283,
    0.13721341,
    -0.20298721,
    0.0035129238,
    0.1880212,
    0.028489929,
    -0.009427144,
    0.02269945,
    -0.098278776,
    -0.18057227,
    0.46772534,
    -0.16242135,
    0.10067939,
    -0.019546231,
    -0.0709181,
    -0.042116527,
    0.007391056,
    -0.05287145,
    -0.115829475,
    -0.1262322,
    0.05992994,
    -0.14322011,
    -0.10446105,
    0.041272752,
    0.117147624,
    -0.12007236,
    0.1760271,
    -0.17530689,
    0.25773722,
    0.16812813,
    -0.019192496,
    -0.19235985,
    -0.14775886,
    0.14749204,
    -0.23672394,
    0.10819783,
    0.052801706,
    -0.25382426,
    0.39427555,
    -0.007429538,
    -0.12073517,
    -0.13868837,
    -0.09763138,
    0.0485878,
    -0.1721696,
    0.053675532,
    0.06697092,
    0.022168305,
    -0.00030509543,
    -0.032047477,
    -0.05957605,
    0.06665488,
    0.03787767,
    -0.07202925,
    -0.014508004,
    -0.09897034,
    -0.058219068,
    -0.069570415,
    -0.06247462,
    -0.10950497,
    0.13651924,
    0.10640164,
    -0.16996562,
    -0.1921742,
    -0.31112248,
    -0.06670261,
    0.26814502,
    -0.18611367,
    0.39766422,
    0.023323812,
    0.05767788,
    0.21727587,
    0.26092052,
    0.06658984,
    0.005072563,
    -0.5116417,
    -0.03623644,
    0.13016054,
    0.2780569,
    0.032279827,
    -0.37316036,
    0.012584248,
    -0.28937307,
    0.26432106,
    -0.19136706,
    0.06407899,
    0.4371691,
    -0.37601015,
    -0.117949076,
    0.2714056,
    0.07839961,
    -0.10618532,
    0.057271495,
    -0.025094496,
    -0.03255292,
    -0.09845414,
    -0.042882886,
    0.066926606,
    0.019280242,
    0.12945667,
    -0.1314625,
    0.10157602,
    0.39481303,
    -0.21981402,
    -0.33059165,
    -0.2594653,
    -0.025741614,
    -0.18768142,
    0.04018632,
    0.51764923,
    -0.03229094,
    0.033101525,
    -0.066314645,
    0.36955622,
    0.086394325,
    -0.2173958,
    -0.32757077,
    0.2033785,
    0.041640796,
    -0.037312284,
    0.2564019,
    -0.26105124,
    0.29753122,
    -0.1325624,
    0.3487019,
    -0.40006614,
    -0.02385492,
    0.15288217,
    -0.35060835,
    0.40149704,
    -0.005652684,
    -0.25582594,
    -0.03075651,
    -0.121345945,
    -0.14143722,
    0.059101775,
    -0.08720672,
    0.09060526,
    0.009084036,
    0.0065018157,
    0.005936807,
    -0.008353408,
    -0.17786735,
    0.45000124,
    -0.15526475,
    -0.21073113,
    0.06659012,
    0.16235144,
    -0.065069005,
    0.0013953248,
    -0.18484102,
    -0.11278714,
    -0.100569226,
    0.09815282,
    -0.20032278,
    0.0055577937,
    0.36387786,
    0.11251765,
    -0.46359804,
    0.061428215,
    -0.37369654,
    0.5188522,
    0.1287879,
    -0.118203096,
    -0.13900822,
    0.20781945,
    -0.27207467,
    0.26988605,
    -0.22185004,
    0.23510173,
    -0.03656299,
    0.122023806
}
