[[[[ 9.16328803e-02  1.21435903e-01  8.53506476e-02 ... -9.62621123e-02
    -1.47887319e-01  3.48589383e-02]
   [-4.84465249e-02  1.36892632e-01  1.46054700e-01 ...  5.86772040e-02
    -1.67315915e-01 -3.70828420e-01]
   [-1.92239240e-01  9.43201333e-02  9.36918035e-02 ... -1.24352779e-02
     3.17781866e-02 -3.04293126e-01]
   [ 1.80259701e-02  2.42814869e-02  2.87353009e-01 ... -8.18113685e-02
     5.98792844e-02  4.73489607e-04]]

  [[-1.53508037e-01  1.20629221e-01  1.07659891e-01 ... -8.31774399e-02
     8.25790539e-02 -1.75707862e-01]
   [-1.68167844e-01  1.05139866e-01 -1.74313620e-01 ...  1.99582711e-01
    -1.01042688e-01 -4.94540751e-01]
   [ 3.29589069e-01  1.77509815e-01  4.11383092e-01 ... -2.09946018e-02
    -1.28000930e-01  4.85602692e-02]
   [ 3.81666064e-01 -2.31978610e-01  4.07883525e-01 ...  4.67672274e-02
    -3.29380743e-02  1.42247826e-01]]

  [[-1.28555030e-01  2.59743482e-02 -8.95788427e-03 ... -4.54923734e-02
     5.36794811e-02  2.18497068e-02]
   [-5.96575905e-03 -4.96672839e-02 -1.58913776e-01 ...  1.65478885e-01
    -1.40370116e-01 -1.73733890e-01]
   [-3.66017260e-02  4.01035547e-02  1.91957369e-01 ... -4.37642664e-01
     4.94780615e-02 -2.35769913e-01]
   [-9.82564464e-02 -4.05471504e-01 -3.73022079e-01 ... -1.04429565e-01
     1.80027723e-01 -1.13761075e-01]]

  [[-3.96500155e-02 -1.12143181e-01 -2.37031118e-03 ... -6.29515424e-02
     8.69136304e-02  5.95263392e-02]
   [ 1.80385888e-01  1.07878976e-01 -1.96015969e-01 ...  1.06876738e-01
    -2.45046780e-01  1.52521133e-02]
   [-3.35182250e-01 -3.27878892e-02 -1.59071594e-01 ... -2.00411439e-01
     8.61108154e-02 -2.66738027e-01]
   [-4.82520729e-01  4.04598154e-02 -2.58837808e-02 ... -2.90178776e-01
     2.66598374e-01 -2.03051567e-01]]]


 [[[-1.24297671e-01  5.96541958e-03  2.24362805e-01 ...  6.51089400e-02
    -1.46041542e-01  1.02123775e-01]
   [-1.37249559e-01  5.61025850e-02 -8.11174363e-02 ...  3.59819233e-01
    -2.29814097e-01  7.77494675e-03]
   [-2.12653637e-01 -1.02508202e-01  9.10964012e-02 ...  1.35834634e-01
     1.17574222e-01 -6.08180277e-03]
   [-3.85749489e-02  8.59772116e-02  4.74117249e-02 ... -6.30302727e-02
     5.54563850e-03  7.72920996e-02]]

  [[-2.40220986e-02 -7.38579631e-02  2.42662415e-01 ...  1.70244500e-01
    -7.27194846e-02 -4.26710758e-04]
   [-3.50637957e-02  2.52288491e-01  2.96308905e-01 ...  7.46155381e-01
    -4.34867069e-02 -4.07313406e-02]
   [ 5.66060469e-02 -2.83466518e-01  6.75394312e-02 ...  3.58899891e-01
    -1.37106627e-01 -6.07162789e-02]
   [ 8.91886055e-02 -1.23899534e-01 -4.81408209e-01 ...  3.34606729e-02
    -1.29514188e-02  1.09995022e-01]]

  [[-1.81182325e-01 -2.09071860e-01  1.70701176e-01 ...  2.97820926e-01
    -1.19817629e-01 -1.77288607e-01]
   [-1.42602712e-01 -2.90327868e-03 -1.56933352e-01 ... -1.18381433e-01
     2.72545945e-02  3.34324986e-01]
   [-1.44305319e-01 -2.88838536e-01 -2.55012810e-01 ... -2.33186305e-01
     1.81666315e-01 -1.03724655e-02]
   [-3.81526425e-02 -8.91556889e-02  6.46583855e-01 ...  2.64532268e-01
     5.38681932e-02 -7.59514332e-01]]

  [[-2.02905506e-01  3.48342001e-01 -1.37469158e-01 ...  1.59541741e-01
    -2.26771012e-01  1.71609763e-02]
   [ 1.13993026e-02  1.75189853e-01  4.99248616e-02 ... -4.88747120e-01
    -6.58048764e-02  1.00735530e-01]
   [ 2.68343180e-01 -3.98233235e-02  9.79309231e-02 ... -3.11940730e-01
     8.90761614e-02 -2.89730459e-01]
   [-7.89951012e-02  2.48337165e-01  6.55972064e-01 ...  4.13991734e-02
    -9.48240384e-02 -1.42661870e-01]]]


 [[[ 3.64593044e-02 -1.31768659e-01  1.12982942e-02 ...  7.11963279e-03
    -3.51505578e-02 -1.20652772e-01]
   [ 3.83106209e-02 -1.96701854e-01  1.52215540e-01 ...  2.47634679e-01
     1.42724797e-01 -1.26292054e-02]
   [ 1.26018673e-01 -1.81525461e-02 -1.15782851e-02 ...  2.18756869e-01
     2.89405793e-01  2.50084192e-01]
   [ 1.73967987e-01  1.01970777e-01 -2.56145179e-01 ... -8.84014070e-02
    -1.74993668e-02  3.50329131e-02]]

  [[-1.03432752e-01  6.94239363e-02  2.82009780e-01 ...  4.08509344e-01
     6.25969246e-02 -6.36149123e-02]
   [-2.83892393e-01  1.83133155e-01  4.94468898e-01 ...  3.43237966e-01
     9.50849801e-02 -2.77070731e-01]
   [ 1.93093494e-01 -2.43123308e-01  2.22898439e-01 ...  3.33555669e-01
    -2.37996578e-01  3.06914654e-02]
   [ 2.08517052e-02 -5.76405935e-02 -1.24111073e-02 ...  2.25259122e-02
    -2.23723367e-01  1.98901375e-03]]

  [[-3.18995446e-01  2.98700836e-02  1.75370350e-01 ...  3.27676117e-01
     2.75530905e-01 -3.77097636e-01]
   [-6.74204588e-01 -4.24232841e-01 -1.75664321e-01 ... -7.24628493e-02
    -3.17703709e-02  6.14110291e-01]
   [ 2.75304288e-01 -1.81570634e-01  1.07922833e-02 ...  9.41533670e-02
    -1.42211959e-01 -4.77588922e-02]
   [ 1.38186619e-01  1.13774344e-01 -2.22230889e-03 ... -7.35305203e-03
    -9.13769007e-02 -1.86092004e-01]]

  [[ 9.36770737e-02  2.19868645e-01  1.37819927e-02 ... -2.59194613e-01
     5.11770770e-02  3.16201933e-02]
   [ 7.56139904e-02 -2.15515152e-01 -1.84999064e-01 ... -5.33234894e-01
    -7.87563920e-02  2.11775988e-01]
   [ 1.70553043e-01  5.36264896e-01 -1.99513987e-01 ... -1.21892326e-01
     5.45483902e-02 -3.01036865e-01]
   [-5.48959884e-04  1.71503544e-01  7.70247638e-01 ... -2.22502332e-02
    -2.34051734e-01 -2.75763899e-01]]]


 ...


 [[[-1.07375324e-01 -7.44707510e-02 -3.77527438e-02 ...  3.25554833e-02
     1.07633062e-01 -4.08385955e-02]
   [-2.47295899e-03  3.06853354e-01 -1.68346748e-01 ...  1.46181941e-01
    -1.80312857e-01 -2.44023323e-01]
   [-6.73791319e-02  1.46414980e-01 -3.12700458e-02 ... -7.01982304e-02
     7.76220020e-03 -4.28865343e-01]
   [-9.20128673e-02  3.91702056e-01 -3.11578184e-01 ... -8.02583396e-02
    -6.78519532e-02 -3.21479559e-01]]

  [[ 2.11479142e-01 -1.33414820e-01 -2.35068858e-01 ... -2.06267014e-01
     2.01058492e-01  8.07539821e-02]
   [ 2.24117354e-01 -5.78650355e-01 -4.80961166e-02 ... -2.69521236e-01
     5.07783890e-02 -1.49644576e-02]
   [-1.35626525e-01  1.56744588e-02  1.40603706e-02 ...  2.63657779e-01
     8.03728849e-02 -2.42816955e-01]
   [ 1.20612063e-01  8.98969322e-02  4.89312440e-01 ... -1.38210118e-01
     2.80100971e-01  1.36035040e-01]]

  [[ 2.78604925e-01 -1.42756432e-01 -3.64484429e-01 ... -7.02410117e-02
     2.51221597e-01  1.18657053e-01]
   [ 2.89482087e-01 -3.13789427e-01  1.12463064e-01 ... -4.79112901e-02
     1.55262440e-01  3.66643667e-01]
   [-9.84550416e-02 -4.67595458e-02  1.95960149e-01 ... -2.04976901e-01
    -1.73329443e-01  3.33057679e-02]
   [-5.87663688e-02 -4.85485699e-03 -1.89742178e-01 ...  2.20835298e-01
     2.76236981e-02 -5.61970398e-02]]

  [[ 1.58629462e-01 -1.44398808e-01  1.64445028e-01 ...  9.57001150e-02
    -2.63409764e-02 -4.41589803e-02]
   [-1.74366444e-01  2.84193844e-01 -4.85364050e-01 ...  4.42914307e-01
    -1.00605622e-01  3.94402176e-01]
   [-5.51121593e-01  5.95761314e-02 -1.53307036e-01 ...  5.46420753e-01
    -3.49217832e-01  5.02905130e-01]
   [-2.65861720e-01 -7.93221593e-02 -3.85093659e-01 ...  5.58629595e-02
     2.25436285e-01  3.52600627e-02]]]


 [[[-5.45698218e-02 -4.94936295e-03 -1.32373944e-01 ... -3.79356965e-02
    -1.03917159e-01 -9.68108103e-02]
   [-1.01364575e-01  3.23724717e-01 -2.68625021e-01 ...  1.00682609e-01
    -5.40519841e-02 -2.10352704e-01]
   [ 1.19510636e-01  2.61773378e-01 -1.35792136e-01 ...  3.09057999e-02
     9.09558907e-02 -4.62840140e-01]
   [-2.17737585e-01 -5.10295806e-03  1.45619482e-01 ... -8.71589966e-03
    -9.81059000e-02  7.94715956e-02]]

  [[-1.39662489e-01  6.17315210e-02  6.71017766e-02 ...  1.35650128e-01
    -1.25095576e-01 -3.24146263e-02]
   [ 6.81444108e-02  5.15413322e-02 -8.95727128e-02 ...  3.83002535e-02
    -2.68387347e-01 -1.67699859e-01]
   [ 1.33194432e-01  1.95252985e-01 -2.70791538e-02 ...  1.70550153e-01
    -3.10339093e-01 -1.30311579e-01]
   [ 4.92998064e-02 -1.59109145e-01 -1.56219415e-02 ... -1.68750226e-01
    -7.66968355e-02  2.50505984e-01]]

  [[-3.00336210e-03 -1.77991644e-01  1.22291045e-02 ...  1.28816798e-01
    -1.07602127e-01 -3.77730615e-02]
   [-1.42180115e-01 -1.43397823e-02 -1.12333395e-01 ...  2.06457853e-01
    -1.36470184e-01 -2.01058555e-02]
   [ 5.37959896e-02  1.14864118e-01 -5.93351535e-02 ...  1.28980681e-01
    -3.30200754e-02  1.04027607e-01]
   [-1.04944989e-01 -3.61430794e-01 -4.07872319e-01 ... -3.36389184e-01
     4.04447705e-01 -1.58132941e-01]]

  [[-9.72325057e-02 -5.65859191e-02 -8.43530297e-02 ... -9.45644230e-02
    -1.20796017e-01  1.88373551e-02]
   [ 1.62639484e-01 -6.78400099e-02  5.85757457e-02 ...  5.97509891e-02
     2.67823488e-01 -2.77954191e-02]
   [-1.31534949e-01  1.75131038e-01 -1.50709093e-01 ...  1.22201160e-01
    -9.26283002e-02  1.37213409e-01]
   [-2.02987209e-01  3.51292384e-03  1.88021198e-01 ... -1.80572271e-01
     4.67725337e-01 -1.62421346e-01]]]


 [[[ 1.00679390e-01 -1.95462313e-02 -7.09180981e-02 ... -1.26232207e-01
     5.99299408e-02 -1.43220112e-01]
   [-1.04461052e-01  4.12727520e-02  1.17147624e-01 ...  1.68128133e-01
    -1.91924963e-02 -1.92359850e-01]
   [-1.47758856e-01  1.47492036e-01 -2.36723945e-01 ... -7.42953783e-03
    -1.20735168e-01 -1.38688371e-01]
   [-9.76313800e-02  4.85877991e-02 -1.72169596e-01 ... -3.20474766e-02
    -5.95760494e-02  6.66548833e-02]]

  [[ 3.78776714e-02 -7.20292479e-02 -1.45080043e-02 ... -1.09504968e-01
     1.36519238e-01  1.06401637e-01]
   [-1.69965625e-01 -1.92174196e-01 -3.11122477e-01 ...  2.33238116e-02
     5.76778799e-02  2.17275873e-01]
   [ 2.60920525e-01  6.65898398e-02  5.07256296e-03 ...  3.22798267e-02
    -3.73160362e-01  1.25842476e-02]
   [-2.89373070e-01  2.64321059e-01 -1.91367060e-01 ...  2.71405607e-01
     7.83996135e-02 -1.06185317e-01]]

  [[ 5.72714955e-02 -2.50944961e-02 -3.25529203e-02 ...  1.29456669e-01
    -1.31462499e-01  1.01576023e-01]
   [ 3.94813031e-01 -2.19814017e-01 -3.30591649e-01 ...  5.17649233e-01
    -3.22909392e-02  3.31015252e-02]
   [-6.63146451e-02  3.69556218e-01  8.63943249e-02 ... -3.73122841e-02
     2.56401896e-01 -2.61051238e-01]
   [ 2.97531217e-01 -1.32562399e-01  3.48701894e-01 ...  4.01497036e-01
    -5.65268379e-03 -2.55825937e-01]]

  [[-3.07565108e-02 -1.21345945e-01 -1.41437218e-01 ...  6.50181575e-03
     5.93680702e-03 -8.35340843e-03]
   [-1.77867353e-01  4.50001240e-01 -1.55264750e-01 ...  1.39532483e-03
    -1.84841022e-01 -1.12787142e-01]
   [-1.00569226e-01  9.81528163e-02 -2.00322777e-01 ...  6.14282154e-02
    -3.73696536e-01  5.18852174e-01]
   [ 1.28787905e-01 -1.18203096e-01 -1.39008224e-01 ...  2.35101730e-01
    -3.65629904e-02  1.22023806e-01]]]]
